C = [
-4.597389 -5.144653 -4.794653
-3.804333 -4.341342 -4.123928
-3.600902 -4.047169 -3.809320
-3.388585 -3.748308 -3.458722
-3.123232 -3.561029 -3.304813
-2.896423 -3.382655 -3.159630
-2.802274 -3.294942 -3.104196
-2.709681 -3.219076 -3.018350
-2.619879 -3.115596 -2.926141
-2.554052 -3.002875 -2.821384
-2.493644 -2.886565 -2.727976
-2.446130 -2.792176 -2.629683
-2.397395 -2.705068 -2.533090
-2.355296 -2.622302 -2.431973
-2.305977 -2.546552 -2.345418
-2.264163 -2.471682 -2.266949
-2.216257 -2.416277 -2.207777
-2.177248 -2.378417 -2.170578
-2.124665 -2.341643 -2.140759
-2.062431 -2.302091 -2.101062
-1.993491 -2.258091 -2.071453
-1.936916 -2.211049 -2.035458
-1.891866 -2.176565 -2.002254
-1.858820 -2.140899 -1.967496
-1.821708 -2.107815 -1.935868
-1.781128 -2.068969 -1.900076
-1.741563 -2.026239 -1.857139
-1.703523 -1.985413 -1.820196
-1.673243 -1.951774 -1.781116
-1.641267 -1.913607 -1.743089
-1.605216 -1.869187 -1.710857
-1.569658 -1.835692 -1.684812
-1.538554 -1.801861 -1.649110
-1.513507 -1.769883 -1.623336
-1.487903 -1.733734 -1.598709
-1.466986 -1.708859 -1.568942
-1.440837 -1.672979 -1.542245
-1.425430 -1.640670 -1.509222
-1.407462 -1.617844 -1.480780
-1.382199 -1.595749 -1.452300
-1.367069 -1.573738 -1.429820
-1.351004 -1.554173 -1.399494
-1.335211 -1.526490 -1.374280
-1.324319 -1.496836 -1.351157
-1.297726 -1.467913 -1.319107
-1.280320 -1.449572 -1.299529
-1.263462 -1.423381 -1.273763
-1.241388 -1.402575 -1.252710
-1.226385 -1.381514 -1.229639
-1.209964 -1.345001 -1.213740
-1.192085 -1.321734 -1.188019
-1.178358 -1.310613 -1.188838
-1.163594 -1.284291 -1.165128
-1.147444 -1.269736 -1.145789
-1.125043 -1.251170 -1.130581
-1.111455 -1.222467 -1.116065
-1.095619 -1.197151 -1.091552
-1.080335 -1.177523 -1.076212
-1.056957 -1.156750 -1.062302
-1.040496 -1.130033 -1.056695
-1.014579 -1.117272 -1.042294
-0.993054 -1.103754 -1.024520
-0.961098 -1.096649 -1.021628
-0.948312 -1.095416 -1.005045
-0.941579 -1.095624 -0.991149
-0.922257 -1.077479 -0.979567
-0.909411 -1.063542 -0.970257
-0.899362 -1.047847 -0.956560
-0.892771 -1.032993 -0.938507
-0.895891 -1.013003 -0.925418
-0.881217 -0.990251 -0.897371
-0.879385 -0.972464 -0.887415
-0.857964 -0.951878 -0.872407
-0.848681 -0.931518 -0.850009
-0.855214 -0.913621 -0.835584
-0.844528 -0.895401 -0.819647
-0.829650 -0.874663 -0.801344
-0.809796 -0.858071 -0.783134
-0.793792 -0.837083 -0.767390
-0.774024 -0.817260 -0.759998
-0.750989 -0.799050 -0.739448
-0.729194 -0.776554 -0.721519
-0.712732 -0.757330 -0.713793
-0.684675 -0.737397 -0.692422
-0.669519 -0.719899 -0.681155
-0.653422 -0.700793 -0.665333
-0.635186 -0.681407 -0.647764
-0.609351 -0.664332 -0.633703
-0.593309 -0.644702 -0.622365
-0.577773 -0.627778 -0.605386
-0.557331 -0.605657 -0.588975
-0.537936 -0.590374 -0.574228
-0.523193 -0.571812 -0.555279
-0.502013 -0.559342 -0.529934
-0.484109 -0.548811 -0.515939
-0.473154 -0.525723 -0.504701
-0.461621 -0.509819 -0.488531
-0.449995 -0.490564 -0.473449
-0.438595 -0.470047 -0.450233
-0.424315 -0.447760 -0.431195
-0.410591 -0.430841 -0.418725
-0.396864 -0.414068 -0.402571
-0.384109 -0.394777 -0.383583
-0.364066 -0.375333 -0.357906
-0.353159 -0.359620 -0.337038
-0.341309 -0.344660 -0.323696
-0.324318 -0.326606 -0.309497
-0.312194 -0.308061 -0.291837
-0.289536 -0.289350 -0.275442
-0.276599 -0.276420 -0.253765
-0.255641 -0.258810 -0.240954
-0.241334 -0.246685 -0.220791
-0.232332 -0.229851 -0.208816
-0.209842 -0.211970 -0.186450
-0.198056 -0.196236 -0.171355
-0.180033 -0.180314 -0.158670
-0.166366 -0.168590 -0.141124
-0.150992 -0.155425 -0.130592
-0.141388 -0.141626 -0.116477
-0.123018 -0.125868 -0.104857
-0.109439 -0.113960 -0.087216
-0.098608 -0.095445 -0.076131
-0.077518 -0.082615 -0.067269
-0.067969 -0.069840 -0.054110
-0.051875 -0.054833 -0.045743
-0.043714 -0.042865 -0.035820
-0.027204 -0.028465 -0.023592
-0.018735 -0.018596 -0.010680
0.000000 0.000000 0.000000
0.009901 0.013738 0.012821
0.025729 0.027527 0.027135
0.032082 0.037887 0.034352
0.047469 0.051566 0.046777
0.059688 0.063466 0.061405
0.072598 0.077326 0.076958
0.085644 0.087465 0.087891
0.098949 0.100610 0.102130
0.109745 0.111399 0.114627
0.119330 0.120135 0.128851
0.130232 0.135791 0.138552
0.140635 0.150454 0.152252
0.154632 0.165639 0.168386
0.164389 0.179244 0.183088
0.173853 0.194433 0.202885
0.189735 0.210096 0.217491
0.199927 0.228326 0.231919
0.211124 0.243293 0.247789
0.225980 0.257331 0.262726
0.238875 0.271330 0.282505
0.246916 0.287613 0.295577
0.263867 0.301107 0.313085
0.278612 0.315222 0.326663
0.292848 0.328203 0.342078
0.312653 0.347111 0.351627
0.327726 0.360575 0.368863
0.343081 0.378218 0.383468
0.362945 0.389603 0.399976
0.380329 0.405369 0.410729
0.397480 0.420830 0.420779
0.412487 0.433529 0.442766
0.429040 0.450435 0.455588
0.446918 0.466374 0.470220
0.465249 0.482381 0.484830
0.477056 0.498106 0.500130
0.493238 0.509462 0.513750
0.505716 0.526041 0.528968
0.517763 0.542295 0.542115
0.529880 0.556481 0.558431
0.544706 0.575202 0.577265
0.559413 0.590700 0.590453
0.572631 0.609088 0.607963
0.587173 0.627512 0.619609
0.600768 0.645544 0.637524
0.620466 0.666667 0.659199
0.636265 0.686538 0.670829
0.653097 0.709967 0.681656
0.671761 0.733464 0.704314
0.694868 0.743688 0.718733
0.714919 0.750920 0.732409
0.734333 0.759251 0.745938
0.748838 0.765832 0.761303
0.763091 0.771061 0.778416
0.778320 0.784627 0.792919
0.784497 0.794346 0.806050
0.797196 0.808437 0.814273
0.814319 0.822497 0.837485
0.823500 0.837015 0.849174
0.840264 0.853919 0.865197
0.851945 0.870088 0.883829
0.863953 0.883688 0.898153
0.879251 0.898166 0.909729
0.897218 0.912081 0.925746
0.909039 0.928127 0.939778
0.923843 0.943105 0.960679
0.935092 0.961302 0.973472
0.951798 0.979310 0.992058
0.961112 0.997520 1.002169
0.978362 1.014679 1.018594
0.995449 1.034683 1.034965
1.016391 1.049177 1.050385
1.028322 1.069990 1.064333
1.050507 1.092068 1.079484
1.068255 1.112039 1.095085
1.091541 1.128072 1.105349
1.109081 1.140613 1.115505
1.122904 1.161961 1.130339
1.140279 1.173461 1.146210
1.152129 1.188057 1.163570
1.155929 1.198855 1.172049
1.176464 1.208641 1.188985
1.189535 1.220328 1.200533
1.203070 1.232865 1.214310
1.217826 1.242676 1.224027
1.239255 1.256187 1.237576
1.253347 1.277043 1.251037
1.269846 1.292292 1.270174
1.279119 1.308903 1.282130
1.303482 1.325369 1.289382
1.315969 1.339701 1.298373
1.333362 1.355739 1.301252
1.348815 1.374725 1.323543
1.364257 1.392301 1.341739
1.378753 1.410342 1.348763
1.405127 1.423094 1.357242
1.422103 1.439857 1.368002
1.427164 1.454033 1.376300
1.438340 1.469238 1.402568
1.450488 1.484401 1.417079
1.460828 1.499960 1.425926
1.482955 1.509630 1.444445
1.495642 1.526586 1.455762
1.512737 1.542642 1.467126
1.531310 1.557290 1.495736
1.544360 1.570760 1.509927
1.561025 1.581861 1.518060
1.578278 1.603839 1.541376
1.589202 1.617982 1.560903
1.606391 1.625357 1.576708
1.626599 1.643146 1.599807
1.647494 1.660074 1.610136
1.668504 1.679487 1.636953
1.683229 1.699065 1.662493
1.710309 1.726785 1.677435
1.719778 1.735042 1.715452
1.745789 1.761903 1.744977
1.764347 1.787043 1.738060
1.785305 1.802657 1.796067
1.816746 1.825553 1.784913
1.849289 1.862855 1.863607
1.889940 1.908911 1.856160
1.946446 1.967039 1.950399
2.044998 2.033273 2.063869
2.163386 2.135187 2.069332
2.223747 2.286008 2.286149
2.223747 2.286008 2.286149
2.223747 2.286008 2.286149
];
