exp_time = [0.0333333 0.1 0.333333 0.625 1.3 4];
